24	34	23	23	0.125	0.125
33	34	23	23	0.125	0.125
24	35	25	25	0.125	0.125
33	36	67	67	0.125	0.125
25	38	24	24	0.125	0.125
25	39	26	26	0.125	0.125
38	40	35	35	0.125	0.125
37	40	35	35	0.125	0.125
38	41	39	39	0.125	0.125
37	42	69	70	0.166667	0.166667
39	44	38	38	0.125	0.125
39	45	48	48	0.125	0.125
26	48	25	25	0.125	0.125
26	49	27	27	0.125	0.125
48	50	39	39	0.125	0.125
48	51	49	49	0.125	0.125
49	54	48	48	0.125	0.125
49	55	58	58	0.125	0.125
60	55	58	58	0.125	0.125
60	57	206	207	0.166667	0.166667
27	58	26	26	0.125	0.125
27	59	28	28	0.125	0.125
62	59	28	28	0.125	0.125
62	61	216	216	0.125	0.125
67	68	33	33	0.125	0.125
67	73	221	221	0.125	0.125
37	69	36	36	0.125	0.125
68	69	36	36	0.125	0.125
37	70	42	40	0.166667	0.166667
68	71	73	73	0.125	0.125
73	74	68	68	0.125	0.125
73	76	222	222	0.125	0.125
42	78	37	37	0.0833333	0.0833333
70	78	37	37	0.0833333	0.0833333
42	79	43	43	0.125	0.125
70	80	72	72	0.125	0.125
43	82	42	42	0.125	0.125
43	83	46	46	0.125	0.125
72	86	70	70	0.125	0.125
72	88	75	75	0.125	0.125
46	94	43	43	0.125	0.125
46	95	47	47	0.125	0.125
47	98	46	46	0.125	0.125
47	99	52	52	0.125	0.125
75	110	72	72	0.125	0.125
75	112	77	77	0.125	0.125
77	118	75	75	0.125	0.125
77	120	224	224	0.125	0.125
52	142	47	47	0.125	0.125
52	143	53	53	0.125	0.125
53	146	52	52	0.125	0.125
53	147	56	56	0.125	0.125
56	158	53	53	0.125	0.125
56	159	57	57	0.125	0.125
57	162	56	56	0.125	0.125
57	163	60	60	0.0833333	0.0833333
206	163	60	60	0.0833333	0.0833333
206	165	208	208	0.125	0.125
208	171	206	206	0.125	0.125
208	173	211	211	0.125	0.125
211	195	208	208	0.125	0.125
211	197	213	213	0.125	0.125
213	203	211	211	0.125	0.125
213	205	360	360	0.125	0.125
216	210	62	62	0.125	0.125
216	215	370	370	0.125	0.125
60	206	55	57	0.166667	0.166667
60	207	61	61	0.125	0.125
210	207	61	61	0.125	0.125
210	209	215	215	0.125	0.125
215	212	210	210	0.125	0.125
215	214	364	364	0.125	0.125
221	222	67	67	0.125	0.125
221	227	375	375	0.125	0.125
222	223	73	73	0.125	0.125
222	225	227	227	0.125	0.125
227	228	222	222	0.125	0.125
377	230	376	376	0.125	0.125
227	230	376	376	0.125	0.125
377	231	382	380	0.166667	0.166667
224	232	77	77	0.125	0.125
224	234	226	226	0.125	0.125
226	240	224	224	0.125	0.125
226	242	229	229	0.125	0.125
229	264	226	226	0.125	0.125
229	266	231	231	0.125	0.125
231	272	229	229	0.125	0.125
380	274	377	377	0.0833333	0.0833333
231	274	377	377	0.0833333	0.0833333
380	275	381	381	0.125	0.125
381	278	380	380	0.125	0.125
381	279	384	384	0.125	0.125
384	290	381	381	0.125	0.125
384	291	385	385	0.125	0.125
385	294	384	384	0.125	0.125
385	295	390	390	0.125	0.125
360	317	213	213	0.125	0.125
360	319	362	362	0.125	0.125
362	325	360	360	0.125	0.125
362	327	365	365	0.125	0.125
390	338	385	385	0.125	0.125
390	339	391	391	0.125	0.125
391	342	390	390	0.125	0.125
391	343	394	394	0.125	0.125
365	349	362	362	0.125	0.125
365	351	367	367	0.125	0.125
394	354	391	391	0.125	0.125
394	355	395	395	0.125	0.125
367	357	365	365	0.125	0.125
395	358	394	394	0.125	0.125
367	359	400	400	0.0833333	0.0833333
395	359	400	400	0.0833333	0.0833333
370	364	216	216	0.125	0.125
370	369	404	404	0.125	0.125
364	361	215	215	0.125	0.125
364	363	369	369	0.125	0.125
369	366	364	364	0.125	0.125
400	367	395	397	0.166667	0.166667
369	368	401	401	0.125	0.125
400	368	401	401	0.125	0.125
375	376	221	221	0.125	0.125
410	378	409	409	0.125	0.125
375	378	409	409	0.125	0.125
410	379	411	411	0.125	0.125
411	388	410	410	0.125	0.125
411	389	412	412	0.125	0.125
377	380	231	230	0.166667	0.166667
388	382	379	379	0.125	0.125
377	382	379	379	0.125	0.125
388	383	389	389	0.125	0.125
389	386	388	388	0.125	0.125
389	387	398	398	0.125	0.125
412	398	411	411	0.125	0.125
412	399	413	413	0.125	0.125
398	392	389	389	0.125	0.125
398	393	399	399	0.125	0.125
400	395	368	367	0.166667	0.166667
399	396	398	398	0.125	0.125
400	397	402	402	0.125	0.125
399	397	402	402	0.125	0.125
404	401	370	370	0.125	0.125
413	402	412	412	0.125	0.125
404	403	414	414	0.125	0.125
413	403	414	414	0.125	0.125
460	470	459	459	0.125	0.125
469	470	459	459	0.125	0.125
460	471	461	461	0.125	0.125
469	472	503	503	0.125	0.125
461	474	460	460	0.125	0.125
461	475	462	462	0.125	0.125
474	476	471	471	0.125	0.125
473	476	471	471	0.125	0.125
474	477	475	475	0.125	0.125
473	478	505	506	0.166667	0.166667
475	480	474	474	0.125	0.125
475	481	484	484	0.125	0.125
462	484	461	461	0.125	0.125
462	485	463	463	0.125	0.125
484	486	475	475	0.125	0.125
484	487	485	485	0.125	0.125
485	490	484	484	0.125	0.125
485	491	494	494	0.125	0.125
496	491	494	494	0.125	0.125
496	493	642	643	0.166667	0.166667
463	494	462	462	0.125	0.125
463	495	464	464	0.125	0.125
498	495	464	464	0.125	0.125
498	497	652	652	0.125	0.125
503	504	469	469	0.125	0.125
503	509	657	657	0.125	0.125
473	505	472	472	0.125	0.125
504	505	472	472	0.125	0.125
473	506	478	476	0.166667	0.166667
504	507	509	509	0.125	0.125
509	510	504	504	0.125	0.125
509	512	658	658	0.125	0.125
478	514	473	473	0.0833333	0.0833333
506	514	473	473	0.0833333	0.0833333
478	515	479	479	0.125	0.125
506	516	508	508	0.125	0.125
479	518	478	478	0.125	0.125
479	519	482	482	0.125	0.125
508	522	506	506	0.125	0.125
508	524	511	511	0.125	0.125
482	530	479	479	0.125	0.125
482	531	483	483	0.125	0.125
483	534	482	482	0.125	0.125
483	535	488	488	0.125	0.125
511	546	508	508	0.125	0.125
511	548	513	513	0.125	0.125
513	554	511	511	0.125	0.125
513	556	660	660	0.125	0.125
488	578	483	483	0.125	0.125
488	579	489	489	0.125	0.125
489	582	488	488	0.125	0.125
489	583	492	492	0.125	0.125
492	594	489	489	0.125	0.125
492	595	493	493	0.125	0.125
493	598	492	492	0.125	0.125
493	599	496	496	0.0833333	0.0833333
642	599	496	496	0.0833333	0.0833333
642	601	644	644	0.125	0.125
644	607	642	642	0.125	0.125
644	609	647	647	0.125	0.125
647	631	644	644	0.125	0.125
647	633	649	649	0.125	0.125
649	639	647	647	0.125	0.125
649	641	796	796	0.125	0.125
652	646	498	498	0.125	0.125
652	651	806	806	0.125	0.125
496	642	491	493	0.166667	0.166667
496	643	497	497	0.125	0.125
646	643	497	497	0.125	0.125
646	645	651	651	0.125	0.125
651	648	646	646	0.125	0.125
651	650	800	800	0.125	0.125
657	658	503	503	0.125	0.125
657	663	811	811	0.125	0.125
658	659	509	509	0.125	0.125
658	661	663	663	0.125	0.125
663	664	658	658	0.125	0.125
813	666	812	812	0.125	0.125
663	666	812	812	0.125	0.125
813	667	818	816	0.166667	0.166667
660	668	513	513	0.125	0.125
660	670	662	662	0.125	0.125
662	676	660	660	0.125	0.125
662	678	665	665	0.125	0.125
665	700	662	662	0.125	0.125
665	702	667	667	0.125	0.125
667	708	665	665	0.125	0.125
816	710	813	813	0.0833333	0.0833333
667	710	813	813	0.0833333	0.0833333
816	711	817	817	0.125	0.125
817	714	816	816	0.125	0.125
817	715	820	820	0.125	0.125
820	726	817	817	0.125	0.125
820	727	821	821	0.125	0.125
821	730	820	820	0.125	0.125
821	731	826	826	0.125	0.125
796	753	649	649	0.125	0.125
796	755	798	798	0.125	0.125
798	761	796	796	0.125	0.125
798	763	801	801	0.125	0.125
826	774	821	821	0.125	0.125
826	775	827	827	0.125	0.125
827	778	826	826	0.125	0.125
827	779	830	830	0.125	0.125
801	785	798	798	0.125	0.125
801	787	803	803	0.125	0.125
830	790	827	827	0.125	0.125
830	791	831	831	0.125	0.125
803	793	801	801	0.125	0.125
831	794	830	830	0.125	0.125
803	795	836	836	0.0833333	0.0833333
831	795	836	836	0.0833333	0.0833333
806	800	652	652	0.125	0.125
806	805	840	840	0.125	0.125
800	797	651	651	0.125	0.125
800	799	805	805	0.125	0.125
805	802	800	800	0.125	0.125
836	803	831	833	0.166667	0.166667
805	804	837	837	0.125	0.125
836	804	837	837	0.125	0.125
811	812	657	657	0.125	0.125
846	814	845	845	0.125	0.125
811	814	845	845	0.125	0.125
846	815	847	847	0.125	0.125
847	824	846	846	0.125	0.125
847	825	848	848	0.125	0.125
813	816	667	666	0.166667	0.166667
824	818	815	815	0.125	0.125
813	818	815	815	0.125	0.125
824	819	825	825	0.125	0.125
825	822	824	824	0.125	0.125
825	823	834	834	0.125	0.125
848	834	847	847	0.125	0.125
848	835	849	849	0.125	0.125
834	828	825	825	0.125	0.125
834	829	835	835	0.125	0.125
836	831	804	803	0.166667	0.166667
835	832	834	834	0.125	0.125
836	833	838	838	0.125	0.125
835	833	838	838	0.125	0.125
840	837	806	806	0.125	0.125
849	838	848	848	0.125	0.125
840	839	850	850	0.125	0.125
849	839	850	850	0.125	0.125
896	906	895	895	0.125	0.125
905	906	895	895	0.125	0.125
896	907	897	897	0.125	0.125
905	908	939	939	0.125	0.125
897	910	896	896	0.125	0.125
897	911	898	898	0.125	0.125
910	912	907	907	0.125	0.125
909	912	907	907	0.125	0.125
910	913	911	911	0.125	0.125
909	914	941	942	0.166667	0.166667
911	916	910	910	0.125	0.125
911	917	920	920	0.125	0.125
898	920	897	897	0.125	0.125
898	921	899	899	0.125	0.125
920	922	911	911	0.125	0.125
920	923	921	921	0.125	0.125
921	926	920	920	0.125	0.125
921	927	930	930	0.125	0.125
932	927	930	930	0.125	0.125
932	929	1078	1079	0.166667	0.166667
899	930	898	898	0.125	0.125
899	931	900	900	0.125	0.125
934	931	900	900	0.125	0.125
934	933	1088	1088	0.125	0.125
939	940	905	905	0.125	0.125
939	945	1093	1093	0.125	0.125
909	941	908	908	0.125	0.125
940	941	908	908	0.125	0.125
909	942	914	912	0.166667	0.166667
940	943	945	945	0.125	0.125
945	946	940	940	0.125	0.125
945	948	1094	1094	0.125	0.125
914	950	909	909	0.0833333	0.0833333
942	950	909	909	0.0833333	0.0833333
914	951	915	915	0.125	0.125
942	952	944	944	0.125	0.125
915	954	914	914	0.125	0.125
915	955	918	918	0.125	0.125
944	958	942	942	0.125	0.125
944	960	947	947	0.125	0.125
918	966	915	915	0.125	0.125
918	967	919	919	0.125	0.125
919	970	918	918	0.125	0.125
919	971	924	924	0.125	0.125
947	982	944	944	0.125	0.125
947	984	949	949	0.125	0.125
949	990	947	947	0.125	0.125
949	992	1096	1096	0.125	0.125
924	1014	919	919	0.125	0.125
924	1015	925	925	0.125	0.125
925	1018	924	924	0.125	0.125
925	1019	928	928	0.125	0.125
928	1030	925	925	0.125	0.125
928	1031	929	929	0.125	0.125
929	1034	928	928	0.125	0.125
929	1035	932	932	0.0833333	0.0833333
1078	1035	932	932	0.0833333	0.0833333
1078	1037	1080	1080	0.125	0.125
1080	1043	1078	1078	0.125	0.125
1080	1045	1083	1083	0.125	0.125
1083	1067	1080	1080	0.125	0.125
1083	1069	1085	1085	0.125	0.125
1085	1075	1083	1083	0.125	0.125
1085	1077	1232	1232	0.125	0.125
1088	1082	934	934	0.125	0.125
1088	1087	1242	1242	0.125	0.125
932	1078	927	929	0.166667	0.166667
932	1079	933	933	0.125	0.125
1082	1079	933	933	0.125	0.125
1082	1081	1087	1087	0.125	0.125
1087	1084	1082	1082	0.125	0.125
1087	1086	1236	1236	0.125	0.125
1093	1094	939	939	0.125	0.125
1093	1099	1247	1247	0.125	0.125
1094	1095	945	945	0.125	0.125
1094	1097	1099	1099	0.125	0.125
1099	1100	1094	1094	0.125	0.125
1249	1102	1248	1248	0.125	0.125
1099	1102	1248	1248	0.125	0.125
1249	1103	1254	1252	0.166667	0.166667
1096	1104	949	949	0.125	0.125
1096	1106	1098	1098	0.125	0.125
1098	1112	1096	1096	0.125	0.125
1098	1114	1101	1101	0.125	0.125
1101	1136	1098	1098	0.125	0.125
1101	1138	1103	1103	0.125	0.125
1103	1144	1101	1101	0.125	0.125
1252	1146	1249	1249	0.0833333	0.0833333
1103	1146	1249	1249	0.0833333	0.0833333
1252	1147	1253	1253	0.125	0.125
1253	1150	1252	1252	0.125	0.125
1253	1151	1256	1256	0.125	0.125
1256	1162	1253	1253	0.125	0.125
1256	1163	1257	1257	0.125	0.125
1257	1166	1256	1256	0.125	0.125
1257	1167	1262	1262	0.125	0.125
1232	1189	1085	1085	0.125	0.125
1232	1191	1234	1234	0.125	0.125
1234	1197	1232	1232	0.125	0.125
1234	1199	1237	1237	0.125	0.125
1262	1210	1257	1257	0.125	0.125
1262	1211	1263	1263	0.125	0.125
1263	1214	1262	1262	0.125	0.125
1263	1215	1266	1266	0.125	0.125
1237	1221	1234	1234	0.125	0.125
1237	1223	1239	1239	0.125	0.125
1266	1226	1263	1263	0.125	0.125
1266	1227	1267	1267	0.125	0.125
1239	1229	1237	1237	0.125	0.125
1267	1230	1266	1266	0.125	0.125
1239	1231	1272	1272	0.0833333	0.0833333
1267	1231	1272	1272	0.0833333	0.0833333
1242	1236	1088	1088	0.125	0.125
1242	1241	1276	1276	0.125	0.125
1236	1233	1087	1087	0.125	0.125
1236	1235	1241	1241	0.125	0.125
1241	1238	1236	1236	0.125	0.125
1272	1239	1267	1269	0.166667	0.166667
1241	1240	1273	1273	0.125	0.125
1272	1240	1273	1273	0.125	0.125
1247	1248	1093	1093	0.125	0.125
1282	1250	1281	1281	0.125	0.125
1247	1250	1281	1281	0.125	0.125
1282	1251	1283	1283	0.125	0.125
1283	1260	1282	1282	0.125	0.125
1283	1261	1284	1284	0.125	0.125
1249	1252	1103	1102	0.166667	0.166667
1260	1254	1251	1251	0.125	0.125
1249	1254	1251	1251	0.125	0.125
1260	1255	1261	1261	0.125	0.125
1261	1258	1260	1260	0.125	0.125
1261	1259	1270	1270	0.125	0.125
1284	1270	1283	1283	0.125	0.125
1284	1271	1285	1285	0.125	0.125
1270	1264	1261	1261	0.125	0.125
1270	1265	1271	1271	0.125	0.125
1272	1267	1240	1239	0.166667	0.166667
1271	1268	1270	1270	0.125	0.125
1272	1269	1274	1274	0.125	0.125
1271	1269	1274	1274	0.125	0.125
1276	1273	1242	1242	0.125	0.125
1285	1274	1284	1284	0.125	0.125
1276	1275	1286	1286	0.125	0.125
1285	1275	1286	1286	0.125	0.125
1332	1342	1331	1331	0.125	0.125
1341	1342	1331	1331	0.125	0.125
1332	1343	1333	1333	0.125	0.125
1341	1344	1375	1375	0.125	0.125
1333	1346	1332	1332	0.125	0.125
1333	1347	1334	1334	0.125	0.125
1346	1348	1343	1343	0.125	0.125
1345	1348	1343	1343	0.125	0.125
1346	1349	1347	1347	0.125	0.125
1345	1350	1377	1378	0.166667	0.166667
1347	1352	1346	1346	0.125	0.125
1347	1353	1356	1356	0.125	0.125
1334	1356	1333	1333	0.125	0.125
1334	1357	1335	1335	0.125	0.125
1356	1358	1347	1347	0.125	0.125
1356	1359	1357	1357	0.125	0.125
1357	1362	1356	1356	0.125	0.125
1357	1363	1366	1366	0.125	0.125
1368	1363	1366	1366	0.125	0.125
1368	1365	1514	1515	0.166667	0.166667
1335	1366	1334	1334	0.125	0.125
1335	1367	1336	1336	0.125	0.125
1370	1367	1336	1336	0.125	0.125
1370	1369	1524	1524	0.125	0.125
1375	1376	1341	1341	0.125	0.125
1375	1381	1529	1529	0.125	0.125
1345	1377	1344	1344	0.125	0.125
1376	1377	1344	1344	0.125	0.125
1345	1378	1350	1348	0.166667	0.166667
1376	1379	1381	1381	0.125	0.125
1381	1382	1376	1376	0.125	0.125
1381	1384	1530	1530	0.125	0.125
1350	1386	1345	1345	0.0833333	0.0833333
1378	1386	1345	1345	0.0833333	0.0833333
1350	1387	1351	1351	0.125	0.125
1378	1388	1380	1380	0.125	0.125
1351	1390	1350	1350	0.125	0.125
1351	1391	1354	1354	0.125	0.125
1380	1394	1378	1378	0.125	0.125
1380	1396	1383	1383	0.125	0.125
1354	1402	1351	1351	0.125	0.125
1354	1403	1355	1355	0.125	0.125
1355	1406	1354	1354	0.125	0.125
1355	1407	1360	1360	0.125	0.125
1383	1418	1380	1380	0.125	0.125
1383	1420	1385	1385	0.125	0.125
1385	1426	1383	1383	0.125	0.125
1385	1428	1532	1532	0.125	0.125
1360	1450	1355	1355	0.125	0.125
1360	1451	1361	1361	0.125	0.125
1361	1454	1360	1360	0.125	0.125
1361	1455	1364	1364	0.125	0.125
1364	1466	1361	1361	0.125	0.125
1364	1467	1365	1365	0.125	0.125
1365	1470	1364	1364	0.125	0.125
1365	1471	1368	1368	0.0833333	0.0833333
1514	1471	1368	1368	0.0833333	0.0833333
1514	1473	1516	1516	0.125	0.125
1516	1479	1514	1514	0.125	0.125
1516	1481	1519	1519	0.125	0.125
1519	1503	1516	1516	0.125	0.125
1519	1505	1521	1521	0.125	0.125
1521	1511	1519	1519	0.125	0.125
1521	1513	1668	1668	0.125	0.125
1524	1518	1370	1370	0.125	0.125
1524	1523	1678	1678	0.125	0.125
1368	1514	1363	1365	0.166667	0.166667
1368	1515	1369	1369	0.125	0.125
1518	1515	1369	1369	0.125	0.125
1518	1517	1523	1523	0.125	0.125
1523	1520	1518	1518	0.125	0.125
1523	1522	1672	1672	0.125	0.125
1529	1530	1375	1375	0.125	0.125
1529	1535	1683	1683	0.125	0.125
1530	1531	1381	1381	0.125	0.125
1530	1533	1535	1535	0.125	0.125
1535	1536	1530	1530	0.125	0.125
1685	1538	1684	1684	0.125	0.125
1535	1538	1684	1684	0.125	0.125
1685	1539	1690	1688	0.166667	0.166667
1532	1540	1385	1385	0.125	0.125
1532	1542	1534	1534	0.125	0.125
1534	1548	1532	1532	0.125	0.125
1534	1550	1537	1537	0.125	0.125
1537	1572	1534	1534	0.125	0.125
1537	1574	1539	1539	0.125	0.125
1539	1580	1537	1537	0.125	0.125
1688	1582	1685	1685	0.0833333	0.0833333
1539	1582	1685	1685	0.0833333	0.0833333
1688	1583	1689	1689	0.125	0.125
1689	1586	1688	1688	0.125	0.125
1689	1587	1692	1692	0.125	0.125
1692	1598	1689	1689	0.125	0.125
1692	1599	1693	1693	0.125	0.125
1693	1602	1692	1692	0.125	0.125
1693	1603	1698	1698	0.125	0.125
1668	1625	1521	1521	0.125	0.125
1668	1627	1670	1670	0.125	0.125
1670	1633	1668	1668	0.125	0.125
1670	1635	1673	1673	0.125	0.125
1698	1646	1693	1693	0.125	0.125
1698	1647	1699	1699	0.125	0.125
1699	1650	1698	1698	0.125	0.125
1699	1651	1702	1702	0.125	0.125
1673	1657	1670	1670	0.125	0.125
1673	1659	1675	1675	0.125	0.125
1702	1662	1699	1699	0.125	0.125
1702	1663	1703	1703	0.125	0.125
1675	1665	1673	1673	0.125	0.125
1703	1666	1702	1702	0.125	0.125
1675	1667	1708	1708	0.0833333	0.0833333
1703	1667	1708	1708	0.0833333	0.0833333
1678	1672	1524	1524	0.125	0.125
1678	1677	1712	1712	0.125	0.125
1672	1669	1523	1523	0.125	0.125
1672	1671	1677	1677	0.125	0.125
1677	1674	1672	1672	0.125	0.125
1708	1675	1703	1705	0.166667	0.166667
1677	1676	1709	1709	0.125	0.125
1708	1676	1709	1709	0.125	0.125
1683	1684	1529	1529	0.125	0.125
1718	1686	1717	1717	0.125	0.125
1683	1686	1717	1717	0.125	0.125
1718	1687	1719	1719	0.125	0.125
1719	1696	1718	1718	0.125	0.125
1719	1697	1720	1720	0.125	0.125
1685	1688	1539	1538	0.166667	0.166667
1696	1690	1687	1687	0.125	0.125
1685	1690	1687	1687	0.125	0.125
1696	1691	1697	1697	0.125	0.125
1697	1694	1696	1696	0.125	0.125
1697	1695	1706	1706	0.125	0.125
1720	1706	1719	1719	0.125	0.125
1720	1707	1721	1721	0.125	0.125
1706	1700	1697	1697	0.125	0.125
1706	1701	1707	1707	0.125	0.125
1708	1703	1676	1675	0.166667	0.166667
1707	1704	1706	1706	0.125	0.125
1708	1705	1710	1710	0.125	0.125
1707	1705	1710	1710	0.125	0.125
1712	1709	1678	1678	0.125	0.125
1721	1710	1720	1720	0.125	0.125
1712	1711	1722	1722	0.125	0.125
1721	1711	1722	1722	0.125	0.125
1768	1778	1767	1767	0.125	0.125
1777	1778	1767	1767	0.125	0.125
1768	1779	1769	1769	0.125	0.125
1777	1780	1811	1811	0.125	0.125
1769	1782	1768	1768	0.125	0.125
1769	1783	1770	1770	0.125	0.125
1782	1784	1779	1779	0.125	0.125
1781	1784	1779	1779	0.125	0.125
1782	1785	1783	1783	0.125	0.125
1781	1786	1813	1814	0.166667	0.166667
1783	1788	1782	1782	0.125	0.125
1783	1789	1792	1792	0.125	0.125
1770	1792	1769	1769	0.125	0.125
1770	1793	1771	1771	0.125	0.125
1792	1794	1783	1783	0.125	0.125
1792	1795	1793	1793	0.125	0.125
1793	1798	1792	1792	0.125	0.125
1793	1799	1802	1802	0.125	0.125
1804	1799	1802	1802	0.125	0.125
1804	1801	1950	1951	0.166667	0.166667
1771	1802	1770	1770	0.125	0.125
1771	1803	1772	1772	0.125	0.125
1806	1803	1772	1772	0.125	0.125
1806	1805	1960	1960	0.125	0.125
1811	1812	1777	1777	0.125	0.125
1811	1817	1965	1965	0.125	0.125
1781	1813	1780	1780	0.125	0.125
1812	1813	1780	1780	0.125	0.125
1781	1814	1786	1784	0.166667	0.166667
1812	1815	1817	1817	0.125	0.125
1817	1818	1812	1812	0.125	0.125
1817	1820	1966	1966	0.125	0.125
1786	1822	1781	1781	0.0833333	0.0833333
1814	1822	1781	1781	0.0833333	0.0833333
1786	1823	1787	1787	0.125	0.125
1814	1824	1816	1816	0.125	0.125
1787	1826	1786	1786	0.125	0.125
1787	1827	1790	1790	0.125	0.125
1816	1830	1814	1814	0.125	0.125
1816	1832	1819	1819	0.125	0.125
1790	1838	1787	1787	0.125	0.125
1790	1839	1791	1791	0.125	0.125
1791	1842	1790	1790	0.125	0.125
1791	1843	1796	1796	0.125	0.125
1819	1854	1816	1816	0.125	0.125
1819	1856	1821	1821	0.125	0.125
1821	1862	1819	1819	0.125	0.125
1821	1864	1968	1968	0.125	0.125
1796	1886	1791	1791	0.125	0.125
1796	1887	1797	1797	0.125	0.125
1797	1890	1796	1796	0.125	0.125
1797	1891	1800	1800	0.125	0.125
1800	1902	1797	1797	0.125	0.125
1800	1903	1801	1801	0.125	0.125
1801	1906	1800	1800	0.125	0.125
1801	1907	1804	1804	0.0833333	0.0833333
1950	1907	1804	1804	0.0833333	0.0833333
1950	1909	1952	1952	0.125	0.125
1952	1915	1950	1950	0.125	0.125
1952	1917	1955	1955	0.125	0.125
1955	1939	1952	1952	0.125	0.125
1955	1941	1957	1957	0.125	0.125
1957	1947	1955	1955	0.125	0.125
1957	1949	2104	2104	0.125	0.125
1960	1954	1806	1806	0.125	0.125
1960	1959	2114	2114	0.125	0.125
1804	1950	1799	1801	0.166667	0.166667
1804	1951	1805	1805	0.125	0.125
1954	1951	1805	1805	0.125	0.125
1954	1953	1959	1959	0.125	0.125
1959	1956	1954	1954	0.125	0.125
1959	1958	2108	2108	0.125	0.125
1965	1966	1811	1811	0.125	0.125
1965	1971	2119	2119	0.125	0.125
1966	1967	1817	1817	0.125	0.125
1966	1969	1971	1971	0.125	0.125
1971	1972	1966	1966	0.125	0.125
2121	1974	2120	2120	0.125	0.125
1971	1974	2120	2120	0.125	0.125
2121	1975	2126	2124	0.166667	0.166667
1968	1976	1821	1821	0.125	0.125
1968	1978	1970	1970	0.125	0.125
1970	1984	1968	1968	0.125	0.125
1970	1986	1973	1973	0.125	0.125
1973	2008	1970	1970	0.125	0.125
1973	2010	1975	1975	0.125	0.125
1975	2016	1973	1973	0.125	0.125
2124	2018	2121	2121	0.0833333	0.0833333
1975	2018	2121	2121	0.0833333	0.0833333
2124	2019	2125	2125	0.125	0.125
2125	2022	2124	2124	0.125	0.125
2125	2023	2128	2128	0.125	0.125
2128	2034	2125	2125	0.125	0.125
2128	2035	2129	2129	0.125	0.125
2129	2038	2128	2128	0.125	0.125
2129	2039	2134	2134	0.125	0.125
2104	2061	1957	1957	0.125	0.125
2104	2063	2106	2106	0.125	0.125
2106	2069	2104	2104	0.125	0.125
2106	2071	2109	2109	0.125	0.125
2134	2082	2129	2129	0.125	0.125
2134	2083	2135	2135	0.125	0.125
2135	2086	2134	2134	0.125	0.125
2135	2087	2138	2138	0.125	0.125
2109	2093	2106	2106	0.125	0.125
2109	2095	2111	2111	0.125	0.125
2138	2098	2135	2135	0.125	0.125
2138	2099	2139	2139	0.125	0.125
2111	2101	2109	2109	0.125	0.125
2139	2102	2138	2138	0.125	0.125
2111	2103	2144	2144	0.0833333	0.0833333
2139	2103	2144	2144	0.0833333	0.0833333
2114	2108	1960	1960	0.125	0.125
2114	2113	2148	2148	0.125	0.125
2108	2105	1959	1959	0.125	0.125
2108	2107	2113	2113	0.125	0.125
2113	2110	2108	2108	0.125	0.125
2144	2111	2139	2141	0.166667	0.166667
2113	2112	2145	2145	0.125	0.125
2144	2112	2145	2145	0.125	0.125
2119	2120	1965	1965	0.125	0.125
2154	2122	2153	2153	0.125	0.125
2119	2122	2153	2153	0.125	0.125
2154	2123	2155	2155	0.125	0.125
2155	2132	2154	2154	0.125	0.125
2155	2133	2156	2156	0.125	0.125
2121	2124	1975	1974	0.166667	0.166667
2132	2126	2123	2123	0.125	0.125
2121	2126	2123	2123	0.125	0.125
2132	2127	2133	2133	0.125	0.125
2133	2130	2132	2132	0.125	0.125
2133	2131	2142	2142	0.125	0.125
2156	2142	2155	2155	0.125	0.125
2156	2143	2157	2157	0.125	0.125
2142	2136	2133	2133	0.125	0.125
2142	2137	2143	2143	0.125	0.125
2144	2139	2112	2111	0.166667	0.166667
2143	2140	2142	2142	0.125	0.125
2144	2141	2146	2146	0.125	0.125
2143	2141	2146	2146	0.125	0.125
2148	2145	2114	2114	0.125	0.125
2157	2146	2156	2156	0.125	0.125
2148	2147	2158	2158	0.125	0.125
2157	2147	2158	2158	0.125	0.125
2204	2214	2203	2203	0.125	0.125
2213	2214	2203	2203	0.125	0.125
2204	2215	2205	2205	0.125	0.125
2213	2216	2247	2247	0.125	0.125
2205	2218	2204	2204	0.125	0.125
2205	2219	2206	2206	0.125	0.125
2218	2220	2215	2215	0.125	0.125
2217	2220	2215	2215	0.125	0.125
2218	2221	2219	2219	0.125	0.125
2217	2222	2249	2250	0.166667	0.166667
2219	2224	2218	2218	0.125	0.125
2219	2225	2228	2228	0.125	0.125
2206	2228	2205	2205	0.125	0.125
2206	2229	2207	2207	0.125	0.125
2228	2230	2219	2219	0.125	0.125
2228	2231	2229	2229	0.125	0.125
2229	2234	2228	2228	0.125	0.125
2229	2235	2238	2238	0.125	0.125
2240	2235	2238	2238	0.125	0.125
2240	2237	2386	2387	0.166667	0.166667
2207	2238	2206	2206	0.125	0.125
2207	2239	2208	2208	0.125	0.125
2242	2239	2208	2208	0.125	0.125
2242	2241	2396	2396	0.125	0.125
2247	2248	2213	2213	0.125	0.125
2247	2253	2401	2401	0.125	0.125
2217	2249	2216	2216	0.125	0.125
2248	2249	2216	2216	0.125	0.125
2217	2250	2222	2220	0.166667	0.166667
2248	2251	2253	2253	0.125	0.125
2253	2254	2248	2248	0.125	0.125
2253	2256	2402	2402	0.125	0.125
2222	2258	2217	2217	0.0833333	0.0833333
2250	2258	2217	2217	0.0833333	0.0833333
2222	2259	2223	2223	0.125	0.125
2250	2260	2252	2252	0.125	0.125
2223	2262	2222	2222	0.125	0.125
2223	2263	2226	2226	0.125	0.125
2252	2266	2250	2250	0.125	0.125
2252	2268	2255	2255	0.125	0.125
2226	2274	2223	2223	0.125	0.125
2226	2275	2227	2227	0.125	0.125
2227	2278	2226	2226	0.125	0.125
2227	2279	2232	2232	0.125	0.125
2255	2290	2252	2252	0.125	0.125
2255	2292	2257	2257	0.125	0.125
2257	2298	2255	2255	0.125	0.125
2257	2300	2404	2404	0.125	0.125
2232	2322	2227	2227	0.125	0.125
2232	2323	2233	2233	0.125	0.125
2233	2326	2232	2232	0.125	0.125
2233	2327	2236	2236	0.125	0.125
2236	2338	2233	2233	0.125	0.125
2236	2339	2237	2237	0.125	0.125
2237	2342	2236	2236	0.125	0.125
2237	2343	2240	2240	0.0833333	0.0833333
2386	2343	2240	2240	0.0833333	0.0833333
2386	2345	2388	2388	0.125	0.125
2388	2351	2386	2386	0.125	0.125
2388	2353	2391	2391	0.125	0.125
2391	2375	2388	2388	0.125	0.125
2391	2377	2393	2393	0.125	0.125
2393	2383	2391	2391	0.125	0.125
2393	2385	2540	2540	0.125	0.125
2396	2390	2242	2242	0.125	0.125
2396	2395	2550	2550	0.125	0.125
2240	2386	2235	2237	0.166667	0.166667
2240	2387	2241	2241	0.125	0.125
2390	2387	2241	2241	0.125	0.125
2390	2389	2395	2395	0.125	0.125
2395	2392	2390	2390	0.125	0.125
2395	2394	2544	2544	0.125	0.125
2401	2402	2247	2247	0.125	0.125
2401	2407	2555	2555	0.125	0.125
2402	2403	2253	2253	0.125	0.125
2402	2405	2407	2407	0.125	0.125
2407	2408	2402	2402	0.125	0.125
2557	2410	2556	2556	0.125	0.125
2407	2410	2556	2556	0.125	0.125
2557	2411	2562	2560	0.166667	0.166667
2404	2412	2257	2257	0.125	0.125
2404	2414	2406	2406	0.125	0.125
2406	2420	2404	2404	0.125	0.125
2406	2422	2409	2409	0.125	0.125
2409	2444	2406	2406	0.125	0.125
2409	2446	2411	2411	0.125	0.125
2411	2452	2409	2409	0.125	0.125
2560	2454	2557	2557	0.0833333	0.0833333
2411	2454	2557	2557	0.0833333	0.0833333
2560	2455	2561	2561	0.125	0.125
2561	2458	2560	2560	0.125	0.125
2561	2459	2564	2564	0.125	0.125
2564	2470	2561	2561	0.125	0.125
2564	2471	2565	2565	0.125	0.125
2565	2474	2564	2564	0.125	0.125
2565	2475	2570	2570	0.125	0.125
2540	2497	2393	2393	0.125	0.125
2540	2499	2542	2542	0.125	0.125
2542	2505	2540	2540	0.125	0.125
2542	2507	2545	2545	0.125	0.125
2570	2518	2565	2565	0.125	0.125
2570	2519	2571	2571	0.125	0.125
2571	2522	2570	2570	0.125	0.125
2571	2523	2574	2574	0.125	0.125
2545	2529	2542	2542	0.125	0.125
2545	2531	2547	2547	0.125	0.125
2574	2534	2571	2571	0.125	0.125
2574	2535	2575	2575	0.125	0.125
2547	2537	2545	2545	0.125	0.125
2575	2538	2574	2574	0.125	0.125
2547	2539	2580	2580	0.0833333	0.0833333
2575	2539	2580	2580	0.0833333	0.0833333
2550	2544	2396	2396	0.125	0.125
2550	2549	2584	2584	0.125	0.125
2544	2541	2395	2395	0.125	0.125
2544	2543	2549	2549	0.125	0.125
2549	2546	2544	2544	0.125	0.125
2580	2547	2575	2577	0.166667	0.166667
2549	2548	2581	2581	0.125	0.125
2580	2548	2581	2581	0.125	0.125
2555	2556	2401	2401	0.125	0.125
2590	2558	2589	2589	0.125	0.125
2555	2558	2589	2589	0.125	0.125
2590	2559	2591	2591	0.125	0.125
2591	2568	2590	2590	0.125	0.125
2591	2569	2592	2592	0.125	0.125
2557	2560	2411	2410	0.166667	0.166667
2568	2562	2559	2559	0.125	0.125
2557	2562	2559	2559	0.125	0.125
2568	2563	2569	2569	0.125	0.125
2569	2566	2568	2568	0.125	0.125
2569	2567	2578	2578	0.125	0.125
2592	2578	2591	2591	0.125	0.125
2592	2579	2593	2593	0.125	0.125
2578	2572	2569	2569	0.125	0.125
2578	2573	2579	2579	0.125	0.125
2580	2575	2548	2547	0.166667	0.166667
2579	2576	2578	2578	0.125	0.125
2580	2577	2582	2582	0.125	0.125
2579	2577	2582	2582	0.125	0.125
2584	2581	2550	2550	0.125	0.125
2593	2582	2592	2592	0.125	0.125
2584	2583	2594	2594	0.125	0.125
2593	2583	2594	2594	0.125	0.125
2640	2650	2639	2639	0.125	0.125
2649	2650	2639	2639	0.125	0.125
2640	2651	2641	2641	0.125	0.125
2649	2652	2683	2683	0.125	0.125
2641	2654	2640	2640	0.125	0.125
2641	2655	2642	2642	0.125	0.125
2654	2656	2651	2651	0.125	0.125
2653	2656	2651	2651	0.125	0.125
2654	2657	2655	2655	0.125	0.125
2653	2658	2685	2686	0.166667	0.166667
2655	2660	2654	2654	0.125	0.125
2655	2661	2664	2664	0.125	0.125
2642	2664	2641	2641	0.125	0.125
2642	2665	2643	2643	0.125	0.125
2664	2666	2655	2655	0.125	0.125
2664	2667	2665	2665	0.125	0.125
2665	2670	2664	2664	0.125	0.125
2665	2671	2674	2674	0.125	0.125
2676	2671	2674	2674	0.125	0.125
2676	2673	2822	2823	0.166667	0.166667
2643	2674	2642	2642	0.125	0.125
2643	2675	2644	2644	0.125	0.125
2678	2675	2644	2644	0.125	0.125
2678	2677	2832	2832	0.125	0.125
2683	2684	2649	2649	0.125	0.125
2683	2689	2837	2837	0.125	0.125
2653	2685	2652	2652	0.125	0.125
2684	2685	2652	2652	0.125	0.125
2653	2686	2658	2656	0.166667	0.166667
2684	2687	2689	2689	0.125	0.125
2689	2690	2684	2684	0.125	0.125
2689	2692	2838	2838	0.125	0.125
2658	2694	2653	2653	0.0833333	0.0833333
2686	2694	2653	2653	0.0833333	0.0833333
2658	2695	2659	2659	0.125	0.125
2686	2696	2688	2688	0.125	0.125
2659	2698	2658	2658	0.125	0.125
2659	2699	2662	2662	0.125	0.125
2688	2702	2686	2686	0.125	0.125
2688	2704	2691	2691	0.125	0.125
2662	2710	2659	2659	0.125	0.125
2662	2711	2663	2663	0.125	0.125
2663	2714	2662	2662	0.125	0.125
2663	2715	2668	2668	0.125	0.125
2691	2726	2688	2688	0.125	0.125
2691	2728	2693	2693	0.125	0.125
2693	2734	2691	2691	0.125	0.125
2693	2736	2840	2840	0.125	0.125
2668	2758	2663	2663	0.125	0.125
2668	2759	2669	2669	0.125	0.125
2669	2762	2668	2668	0.125	0.125
2669	2763	2672	2672	0.125	0.125
2672	2774	2669	2669	0.125	0.125
2672	2775	2673	2673	0.125	0.125
2673	2778	2672	2672	0.125	0.125
2673	2779	2676	2676	0.0833333	0.0833333
2822	2779	2676	2676	0.0833333	0.0833333
2822	2781	2824	2824	0.125	0.125
2824	2787	2822	2822	0.125	0.125
2824	2789	2827	2827	0.125	0.125
2827	2811	2824	2824	0.125	0.125
2827	2813	2829	2829	0.125	0.125
2829	2819	2827	2827	0.125	0.125
2829	2821	2976	2976	0.125	0.125
2832	2826	2678	2678	0.125	0.125
2832	2831	2986	2986	0.125	0.125
2676	2822	2671	2673	0.166667	0.166667
2676	2823	2677	2677	0.125	0.125
2826	2823	2677	2677	0.125	0.125
2826	2825	2831	2831	0.125	0.125
2831	2828	2826	2826	0.125	0.125
2831	2830	2980	2980	0.125	0.125
2837	2838	2683	2683	0.125	0.125
2837	2843	2991	2991	0.125	0.125
2838	2839	2689	2689	0.125	0.125
2838	2841	2843	2843	0.125	0.125
2843	2844	2838	2838	0.125	0.125
2993	2846	2992	2992	0.125	0.125
2843	2846	2992	2992	0.125	0.125
2993	2847	2998	2996	0.166667	0.166667
2840	2848	2693	2693	0.125	0.125
2840	2850	2842	2842	0.125	0.125
2842	2856	2840	2840	0.125	0.125
2842	2858	2845	2845	0.125	0.125
2845	2880	2842	2842	0.125	0.125
2845	2882	2847	2847	0.125	0.125
2847	2888	2845	2845	0.125	0.125
2996	2890	2993	2993	0.0833333	0.0833333
2847	2890	2993	2993	0.0833333	0.0833333
2996	2891	2997	2997	0.125	0.125
2997	2894	2996	2996	0.125	0.125
2997	2895	3000	3000	0.125	0.125
3000	2906	2997	2997	0.125	0.125
3000	2907	3001	3001	0.125	0.125
3001	2910	3000	3000	0.125	0.125
3001	2911	3006	3006	0.125	0.125
2976	2933	2829	2829	0.125	0.125
2976	2935	2978	2978	0.125	0.125
2978	2941	2976	2976	0.125	0.125
2978	2943	2981	2981	0.125	0.125
3006	2954	3001	3001	0.125	0.125
3006	2955	3007	3007	0.125	0.125
3007	2958	3006	3006	0.125	0.125
3007	2959	3010	3010	0.125	0.125
2981	2965	2978	2978	0.125	0.125
2981	2967	2983	2983	0.125	0.125
3010	2970	3007	3007	0.125	0.125
3010	2971	3011	3011	0.125	0.125
2983	2973	2981	2981	0.125	0.125
3011	2974	3010	3010	0.125	0.125
2983	2975	3016	3016	0.0833333	0.0833333
3011	2975	3016	3016	0.0833333	0.0833333
2986	2980	2832	2832	0.125	0.125
2986	2985	3020	3020	0.125	0.125
2980	2977	2831	2831	0.125	0.125
2980	2979	2985	2985	0.125	0.125
2985	2982	2980	2980	0.125	0.125
3016	2983	3011	3013	0.166667	0.166667
2985	2984	3017	3017	0.125	0.125
3016	2984	3017	3017	0.125	0.125
2991	2992	2837	2837	0.125	0.125
3026	2994	3025	3025	0.125	0.125
2991	2994	3025	3025	0.125	0.125
3026	2995	3027	3027	0.125	0.125
3027	3004	3026	3026	0.125	0.125
3027	3005	3028	3028	0.125	0.125
2993	2996	2847	2846	0.166667	0.166667
3004	2998	2995	2995	0.125	0.125
2993	2998	2995	2995	0.125	0.125
3004	2999	3005	3005	0.125	0.125
3005	3002	3004	3004	0.125	0.125
3005	3003	3014	3014	0.125	0.125
3028	3014	3027	3027	0.125	0.125
3028	3015	3029	3029	0.125	0.125
3014	3008	3005	3005	0.125	0.125
3014	3009	3015	3015	0.125	0.125
3016	3011	2984	2983	0.166667	0.166667
3015	3012	3014	3014	0.125	0.125
3016	3013	3018	3018	0.125	0.125
3015	3013	3018	3018	0.125	0.125
3020	3017	2986	2986	0.125	0.125
3029	3018	3028	3028	0.125	0.125
3020	3019	3030	3030	0.125	0.125
3029	3019	3030	3030	0.125	0.125
3076	3086	3075	3075	0.125	0.125
3085	3086	3075	3075	0.125	0.125
3076	3087	3077	3077	0.125	0.125
3085	3088	3119	3119	0.125	0.125
3077	3090	3076	3076	0.125	0.125
3077	3091	3078	3078	0.125	0.125
3090	3092	3087	3087	0.125	0.125
3089	3092	3087	3087	0.125	0.125
3090	3093	3091	3091	0.125	0.125
3089	3094	3121	3122	0.166667	0.166667
3091	3096	3090	3090	0.125	0.125
3091	3097	3100	3100	0.125	0.125
3078	3100	3077	3077	0.125	0.125
3078	3101	3079	3079	0.125	0.125
3100	3102	3091	3091	0.125	0.125
3100	3103	3101	3101	0.125	0.125
3101	3106	3100	3100	0.125	0.125
3101	3107	3110	3110	0.125	0.125
3112	3107	3110	3110	0.125	0.125
3112	3109	3258	3259	0.166667	0.166667
3079	3110	3078	3078	0.125	0.125
3079	3111	3080	3080	0.125	0.125
3114	3111	3080	3080	0.125	0.125
3114	3113	3268	3268	0.125	0.125
3119	3120	3085	3085	0.125	0.125
3119	3125	3273	3273	0.125	0.125
3089	3121	3088	3088	0.125	0.125
3120	3121	3088	3088	0.125	0.125
3089	3122	3094	3092	0.166667	0.166667
3120	3123	3125	3125	0.125	0.125
3125	3126	3120	3120	0.125	0.125
3125	3128	3274	3274	0.125	0.125
3094	3130	3089	3089	0.0833333	0.0833333
3122	3130	3089	3089	0.0833333	0.0833333
3094	3131	3095	3095	0.125	0.125
3122	3132	3124	3124	0.125	0.125
3095	3134	3094	3094	0.125	0.125
3095	3135	3098	3098	0.125	0.125
3124	3138	3122	3122	0.125	0.125
3124	3140	3127	3127	0.125	0.125
3098	3146	3095	3095	0.125	0.125
3098	3147	3099	3099	0.125	0.125
3099	3150	3098	3098	0.125	0.125
3099	3151	3104	3104	0.125	0.125
3127	3162	3124	3124	0.125	0.125
3127	3164	3129	3129	0.125	0.125
3129	3170	3127	3127	0.125	0.125
3129	3172	3276	3276	0.125	0.125
3104	3194	3099	3099	0.125	0.125
3104	3195	3105	3105	0.125	0.125
3105	3198	3104	3104	0.125	0.125
3105	3199	3108	3108	0.125	0.125
3108	3210	3105	3105	0.125	0.125
3108	3211	3109	3109	0.125	0.125
3109	3214	3108	3108	0.125	0.125
3109	3215	3112	3112	0.0833333	0.0833333
3258	3215	3112	3112	0.0833333	0.0833333
3258	3217	3260	3260	0.125	0.125
3260	3223	3258	3258	0.125	0.125
3260	3225	3263	3263	0.125	0.125
3263	3247	3260	3260	0.125	0.125
3263	3249	3265	3265	0.125	0.125
3265	3255	3263	3263	0.125	0.125
3265	3257	3412	3412	0.125	0.125
3268	3262	3114	3114	0.125	0.125
3268	3267	3422	3422	0.125	0.125
3112	3258	3107	3109	0.166667	0.166667
3112	3259	3113	3113	0.125	0.125
3262	3259	3113	3113	0.125	0.125
3262	3261	3267	3267	0.125	0.125
3267	3264	3262	3262	0.125	0.125
3267	3266	3416	3416	0.125	0.125
3273	3274	3119	3119	0.125	0.125
3273	3279	3427	3427	0.125	0.125
3274	3275	3125	3125	0.125	0.125
3274	3277	3279	3279	0.125	0.125
3279	3280	3274	3274	0.125	0.125
3429	3282	3428	3428	0.125	0.125
3279	3282	3428	3428	0.125	0.125
3429	3283	3434	3432	0.166667	0.166667
3276	3284	3129	3129	0.125	0.125
3276	3286	3278	3278	0.125	0.125
3278	3292	3276	3276	0.125	0.125
3278	3294	3281	3281	0.125	0.125
3281	3316	3278	3278	0.125	0.125
3281	3318	3283	3283	0.125	0.125
3283	3324	3281	3281	0.125	0.125
3432	3326	3429	3429	0.0833333	0.0833333
3283	3326	3429	3429	0.0833333	0.0833333
3432	3327	3433	3433	0.125	0.125
3433	3330	3432	3432	0.125	0.125
3433	3331	3436	3436	0.125	0.125
3436	3342	3433	3433	0.125	0.125
3436	3343	3437	3437	0.125	0.125
3437	3346	3436	3436	0.125	0.125
3437	3347	3442	3442	0.125	0.125
3412	3369	3265	3265	0.125	0.125
3412	3371	3414	3414	0.125	0.125
3414	3377	3412	3412	0.125	0.125
3414	3379	3417	3417	0.125	0.125
3442	3390	3437	3437	0.125	0.125
3442	3391	3443	3443	0.125	0.125
3443	3394	3442	3442	0.125	0.125
3443	3395	3446	3446	0.125	0.125
3417	3401	3414	3414	0.125	0.125
3417	3403	3419	3419	0.125	0.125
3446	3406	3443	3443	0.125	0.125
3446	3407	3447	3447	0.125	0.125
3419	3409	3417	3417	0.125	0.125
3447	3410	3446	3446	0.125	0.125
3419	3411	3452	3452	0.0833333	0.0833333
3447	3411	3452	3452	0.0833333	0.0833333
3422	3416	3268	3268	0.125	0.125
3422	3421	3456	3456	0.125	0.125
3416	3413	3267	3267	0.125	0.125
3416	3415	3421	3421	0.125	0.125
3421	3418	3416	3416	0.125	0.125
3452	3419	3447	3449	0.166667	0.166667
3421	3420	3453	3453	0.125	0.125
3452	3420	3453	3453	0.125	0.125
3427	3428	3273	3273	0.125	0.125
3462	3430	3461	3461	0.125	0.125
3427	3430	3461	3461	0.125	0.125
3462	3431	3463	3463	0.125	0.125
3463	3440	3462	3462	0.125	0.125
3463	3441	3464	3464	0.125	0.125
3429	3432	3283	3282	0.166667	0.166667
3440	3434	3431	3431	0.125	0.125
3429	3434	3431	3431	0.125	0.125
3440	3435	3441	3441	0.125	0.125
3441	3438	3440	3440	0.125	0.125
3441	3439	3450	3450	0.125	0.125
3464	3450	3463	3463	0.125	0.125
3464	3451	3465	3465	0.125	0.125
3450	3444	3441	3441	0.125	0.125
3450	3445	3451	3451	0.125	0.125
3452	3447	3420	3419	0.166667	0.166667
3451	3448	3450	3450	0.125	0.125
3452	3449	3454	3454	0.125	0.125
3451	3449	3454	3454	0.125	0.125
3456	3453	3422	3422	0.125	0.125
3465	3454	3464	3464	0.125	0.125
3456	3455	3466	3466	0.125	0.125
3465	3455	3466	3466	0.125	0.125
3512	3522	3511	3511	0.125	0.125
3521	3522	3511	3511	0.125	0.125
3512	3523	3513	3513	0.125	0.125
3521	3524	3555	3555	0.125	0.125
3513	3526	3512	3512	0.125	0.125
3513	3527	3514	3514	0.125	0.125
3526	3528	3523	3523	0.125	0.125
3525	3528	3523	3523	0.125	0.125
3526	3529	3527	3527	0.125	0.125
3525	3530	3557	3558	0.166667	0.166667
3527	3532	3526	3526	0.125	0.125
3527	3533	3536	3536	0.125	0.125
3514	3536	3513	3513	0.125	0.125
3514	3537	3515	3515	0.125	0.125
3536	3538	3527	3527	0.125	0.125
3536	3539	3537	3537	0.125	0.125
3537	3542	3536	3536	0.125	0.125
3537	3543	3546	3546	0.125	0.125
3548	3543	3546	3546	0.125	0.125
3548	3545	3694	3695	0.166667	0.166667
3515	3546	3514	3514	0.125	0.125
3515	3547	3516	3516	0.125	0.125
3550	3547	3516	3516	0.125	0.125
3550	3549	3704	3704	0.125	0.125
3555	3556	3521	3521	0.125	0.125
3555	3561	3709	3709	0.125	0.125
3525	3557	3524	3524	0.125	0.125
3556	3557	3524	3524	0.125	0.125
3525	3558	3530	3528	0.166667	0.166667
3556	3559	3561	3561	0.125	0.125
3561	3562	3556	3556	0.125	0.125
3561	3564	3710	3710	0.125	0.125
3530	3566	3525	3525	0.0833333	0.0833333
3558	3566	3525	3525	0.0833333	0.0833333
3530	3567	3531	3531	0.125	0.125
3558	3568	3560	3560	0.125	0.125
3531	3570	3530	3530	0.125	0.125
3531	3571	3534	3534	0.125	0.125
3560	3574	3558	3558	0.125	0.125
3560	3576	3563	3563	0.125	0.125
3534	3582	3531	3531	0.125	0.125
3534	3583	3535	3535	0.125	0.125
3535	3586	3534	3534	0.125	0.125
3535	3587	3540	3540	0.125	0.125
3563	3598	3560	3560	0.125	0.125
3563	3600	3565	3565	0.125	0.125
3565	3606	3563	3563	0.125	0.125
3565	3608	3712	3712	0.125	0.125
3540	3630	3535	3535	0.125	0.125
3540	3631	3541	3541	0.125	0.125
3541	3634	3540	3540	0.125	0.125
3541	3635	3544	3544	0.125	0.125
3544	3646	3541	3541	0.125	0.125
3544	3647	3545	3545	0.125	0.125
3545	3650	3544	3544	0.125	0.125
3545	3651	3548	3548	0.0833333	0.0833333
3694	3651	3548	3548	0.0833333	0.0833333
3694	3653	3696	3696	0.125	0.125
3696	3659	3694	3694	0.125	0.125
3696	3661	3699	3699	0.125	0.125
3699	3683	3696	3696	0.125	0.125
3699	3685	3701	3701	0.125	0.125
3701	3691	3699	3699	0.125	0.125
3701	3693	3848	3848	0.125	0.125
3704	3698	3550	3550	0.125	0.125
3704	3703	3858	3858	0.125	0.125
3548	3694	3543	3545	0.166667	0.166667
3548	3695	3549	3549	0.125	0.125
3698	3695	3549	3549	0.125	0.125
3698	3697	3703	3703	0.125	0.125
3703	3700	3698	3698	0.125	0.125
3703	3702	3852	3852	0.125	0.125
3709	3710	3555	3555	0.125	0.125
3709	3715	3863	3863	0.125	0.125
3710	3711	3561	3561	0.125	0.125
3710	3713	3715	3715	0.125	0.125
3715	3716	3710	3710	0.125	0.125
3865	3718	3864	3864	0.125	0.125
3715	3718	3864	3864	0.125	0.125
3865	3719	3870	3868	0.166667	0.166667
3712	3720	3565	3565	0.125	0.125
3712	3722	3714	3714	0.125	0.125
3714	3728	3712	3712	0.125	0.125
3714	3730	3717	3717	0.125	0.125
3717	3752	3714	3714	0.125	0.125
3717	3754	3719	3719	0.125	0.125
3719	3760	3717	3717	0.125	0.125
3868	3762	3865	3865	0.0833333	0.0833333
3719	3762	3865	3865	0.0833333	0.0833333
3868	3763	3869	3869	0.125	0.125
3869	3766	3868	3868	0.125	0.125
3869	3767	3872	3872	0.125	0.125
3872	3778	3869	3869	0.125	0.125
3872	3779	3873	3873	0.125	0.125
3873	3782	3872	3872	0.125	0.125
3873	3783	3878	3878	0.125	0.125
3848	3805	3701	3701	0.125	0.125
3848	3807	3850	3850	0.125	0.125
3850	3813	3848	3848	0.125	0.125
3850	3815	3853	3853	0.125	0.125
3878	3826	3873	3873	0.125	0.125
3878	3827	3879	3879	0.125	0.125
3879	3830	3878	3878	0.125	0.125
3879	3831	3882	3882	0.125	0.125
3853	3837	3850	3850	0.125	0.125
3853	3839	3855	3855	0.125	0.125
3882	3842	3879	3879	0.125	0.125
3882	3843	3883	3883	0.125	0.125
3855	3845	3853	3853	0.125	0.125
3883	3846	3882	3882	0.125	0.125
3855	3847	3888	3888	0.0833333	0.0833333
3883	3847	3888	3888	0.0833333	0.0833333
3858	3852	3704	3704	0.125	0.125
3858	3857	3892	3892	0.125	0.125
3852	3849	3703	3703	0.125	0.125
3852	3851	3857	3857	0.125	0.125
3857	3854	3852	3852	0.125	0.125
3888	3855	3883	3885	0.166667	0.166667
3857	3856	3889	3889	0.125	0.125
3888	3856	3889	3889	0.125	0.125
3863	3864	3709	3709	0.125	0.125
3898	3866	3897	3897	0.125	0.125
3863	3866	3897	3897	0.125	0.125
3898	3867	3899	3899	0.125	0.125
3899	3876	3898	3898	0.125	0.125
3899	3877	3900	3900	0.125	0.125
3865	3868	3719	3718	0.166667	0.166667
3876	3870	3867	3867	0.125	0.125
3865	3870	3867	3867	0.125	0.125
3876	3871	3877	3877	0.125	0.125
3877	3874	3876	3876	0.125	0.125
3877	3875	3886	3886	0.125	0.125
3900	3886	3899	3899	0.125	0.125
3900	3887	3901	3901	0.125	0.125
3886	3880	3877	3877	0.125	0.125
3886	3881	3887	3887	0.125	0.125
3888	3883	3856	3855	0.166667	0.166667
3887	3884	3886	3886	0.125	0.125
3888	3885	3890	3890	0.125	0.125
3887	3885	3890	3890	0.125	0.125
3892	3889	3858	3858	0.125	0.125
3901	3890	3900	3900	0.125	0.125
3892	3891	3902	3902	0.125	0.125
3901	3891	3902	3902	0.125	0.125
3948	3958	3947	3947	0.125	0.125
3957	3958	3947	3947	0.125	0.125
3948	3959	3949	3949	0.125	0.125
3957	3960	3991	3991	0.125	0.125
3949	3962	3948	3948	0.125	0.125
3949	3963	3950	3950	0.125	0.125
3962	3964	3959	3959	0.125	0.125
3961	3964	3959	3959	0.125	0.125
3962	3965	3963	3963	0.125	0.125
3961	3966	3993	3994	0.166667	0.166667
3963	3968	3962	3962	0.125	0.125
3963	3969	3972	3972	0.125	0.125
3950	3972	3949	3949	0.125	0.125
3950	3973	3951	3951	0.125	0.125
3972	3974	3963	3963	0.125	0.125
3972	3975	3973	3973	0.125	0.125
3973	3978	3972	3972	0.125	0.125
3973	3979	3982	3982	0.125	0.125
3984	3979	3982	3982	0.125	0.125
3984	3981	4130	4131	0.166667	0.166667
3951	3982	3950	3950	0.125	0.125
3951	3983	3952	3952	0.125	0.125
3986	3983	3952	3952	0.125	0.125
3986	3985	4140	4140	0.125	0.125
3991	3992	3957	3957	0.125	0.125
3991	3997	4145	4145	0.125	0.125
3961	3993	3960	3960	0.125	0.125
3992	3993	3960	3960	0.125	0.125
3961	3994	3966	3964	0.166667	0.166667
3992	3995	3997	3997	0.125	0.125
3997	3998	3992	3992	0.125	0.125
3997	4000	4146	4146	0.125	0.125
3966	4002	3961	3961	0.0833333	0.0833333
3994	4002	3961	3961	0.0833333	0.0833333
3966	4003	3967	3967	0.125	0.125
3994	4004	3996	3996	0.125	0.125
3967	4006	3966	3966	0.125	0.125
3967	4007	3970	3970	0.125	0.125
3996	4010	3994	3994	0.125	0.125
3996	4012	3999	3999	0.125	0.125
3970	4018	3967	3967	0.125	0.125
3970	4019	3971	3971	0.125	0.125
3971	4022	3970	3970	0.125	0.125
3971	4023	3976	3976	0.125	0.125
3999	4034	3996	3996	0.125	0.125
3999	4036	4001	4001	0.125	0.125
4001	4042	3999	3999	0.125	0.125
4001	4044	4148	4148	0.125	0.125
3976	4066	3971	3971	0.125	0.125
3976	4067	3977	3977	0.125	0.125
3977	4070	3976	3976	0.125	0.125
3977	4071	3980	3980	0.125	0.125
3980	4082	3977	3977	0.125	0.125
3980	4083	3981	3981	0.125	0.125
3981	4086	3980	3980	0.125	0.125
3981	4087	3984	3984	0.0833333	0.0833333
4130	4087	3984	3984	0.0833333	0.0833333
4130	4089	4132	4132	0.125	0.125
4132	4095	4130	4130	0.125	0.125
4132	4097	4135	4135	0.125	0.125
4135	4119	4132	4132	0.125	0.125
4135	4121	4137	4137	0.125	0.125
4137	4127	4135	4135	0.125	0.125
4137	4129	4284	4284	0.125	0.125
4140	4134	3986	3986	0.125	0.125
4140	4139	4294	4294	0.125	0.125
3984	4130	3979	3981	0.166667	0.166667
3984	4131	3985	3985	0.125	0.125
4134	4131	3985	3985	0.125	0.125
4134	4133	4139	4139	0.125	0.125
4139	4136	4134	4134	0.125	0.125
4139	4138	4288	4288	0.125	0.125
4145	4146	3991	3991	0.125	0.125
4145	4151	4299	4299	0.125	0.125
4146	4147	3997	3997	0.125	0.125
4146	4149	4151	4151	0.125	0.125
4151	4152	4146	4146	0.125	0.125
4301	4154	4300	4300	0.125	0.125
4151	4154	4300	4300	0.125	0.125
4301	4155	4306	4304	0.166667	0.166667
4148	4156	4001	4001	0.125	0.125
4148	4158	4150	4150	0.125	0.125
4150	4164	4148	4148	0.125	0.125
4150	4166	4153	4153	0.125	0.125
4153	4188	4150	4150	0.125	0.125
4153	4190	4155	4155	0.125	0.125
4155	4196	4153	4153	0.125	0.125
4304	4198	4301	4301	0.0833333	0.0833333
4155	4198	4301	4301	0.0833333	0.0833333
4304	4199	4305	4305	0.125	0.125
4305	4202	4304	4304	0.125	0.125
4305	4203	4308	4308	0.125	0.125
4308	4214	4305	4305	0.125	0.125
4308	4215	4309	4309	0.125	0.125
4309	4218	4308	4308	0.125	0.125
4309	4219	4314	4314	0.125	0.125
4284	4241	4137	4137	0.125	0.125
4284	4243	4286	4286	0.125	0.125
4286	4249	4284	4284	0.125	0.125
4286	4251	4289	4289	0.125	0.125
4314	4262	4309	4309	0.125	0.125
4314	4263	4315	4315	0.125	0.125
4315	4266	4314	4314	0.125	0.125
4315	4267	4318	4318	0.125	0.125
4289	4273	4286	4286	0.125	0.125
4289	4275	4291	4291	0.125	0.125
4318	4278	4315	4315	0.125	0.125
4318	4279	4319	4319	0.125	0.125
4291	4281	4289	4289	0.125	0.125
4319	4282	4318	4318	0.125	0.125
4291	4283	4324	4324	0.0833333	0.0833333
4319	4283	4324	4324	0.0833333	0.0833333
4294	4288	4140	4140	0.125	0.125
4294	4293	4328	4328	0.125	0.125
4288	4285	4139	4139	0.125	0.125
4288	4287	4293	4293	0.125	0.125
4293	4290	4288	4288	0.125	0.125
4324	4291	4319	4321	0.166667	0.166667
4293	4292	4325	4325	0.125	0.125
4324	4292	4325	4325	0.125	0.125
4299	4300	4145	4145	0.125	0.125
4334	4302	4333	4333	0.125	0.125
4299	4302	4333	4333	0.125	0.125
4334	4303	4335	4335	0.125	0.125
4335	4312	4334	4334	0.125	0.125
4335	4313	4336	4336	0.125	0.125
4301	4304	4155	4154	0.166667	0.166667
4312	4306	4303	4303	0.125	0.125
4301	4306	4303	4303	0.125	0.125
4312	4307	4313	4313	0.125	0.125
4313	4310	4312	4312	0.125	0.125
4313	4311	4322	4322	0.125	0.125
4336	4322	4335	4335	0.125	0.125
4336	4323	4337	4337	0.125	0.125
4322	4316	4313	4313	0.125	0.125
4322	4317	4323	4323	0.125	0.125
4324	4319	4292	4291	0.166667	0.166667
4323	4320	4322	4322	0.125	0.125
4324	4321	4326	4326	0.125	0.125
4323	4321	4326	4326	0.125	0.125
4328	4325	4294	4294	0.125	0.125
4337	4326	4336	4336	0.125	0.125
4328	4327	4338	4338	0.125	0.125
4337	4327	4338	4338	0.125	0.125
